{
 "cells": [
  {
   "cell_type": "code",
   "execution_count": 28,
   "metadata": {},
   "outputs": [],
   "source": [
    "import pandas as pd\n",
    "import numpy as np\n",
    "import scipy.stats as st\n",
    "import matplotlib.pyplot as plt\n",
    "import seaborn as sns\n"
   ]
  },
  {
   "cell_type": "code",
   "execution_count": 2,
   "metadata": {},
   "outputs": [
    {
     "data": {
      "text/html": [
       "<div>\n",
       "<style scoped>\n",
       "    .dataframe tbody tr th:only-of-type {\n",
       "        vertical-align: middle;\n",
       "    }\n",
       "\n",
       "    .dataframe tbody tr th {\n",
       "        vertical-align: top;\n",
       "    }\n",
       "\n",
       "    .dataframe thead th {\n",
       "        text-align: right;\n",
       "    }\n",
       "</style>\n",
       "<table border=\"1\" class=\"dataframe\">\n",
       "  <thead>\n",
       "    <tr style=\"text-align: right;\">\n",
       "      <th></th>\n",
       "      <th>Date</th>\n",
       "      <th>AAPL</th>\n",
       "      <th>MSFT</th>\n",
       "      <th>GOOGL</th>\n",
       "      <th>AMZN</th>\n",
       "      <th>TSLA</th>\n",
       "    </tr>\n",
       "  </thead>\n",
       "  <tbody>\n",
       "    <tr>\n",
       "      <th>0</th>\n",
       "      <td>1/3/2023</td>\n",
       "      <td>NaN</td>\n",
       "      <td>239.580002</td>\n",
       "      <td>89.120003</td>\n",
       "      <td>85.820000</td>\n",
       "      <td>108.099998</td>\n",
       "    </tr>\n",
       "    <tr>\n",
       "      <th>1</th>\n",
       "      <td>1/4/2023</td>\n",
       "      <td>126.360001</td>\n",
       "      <td>NaN</td>\n",
       "      <td>NaN</td>\n",
       "      <td>85.139999</td>\n",
       "      <td>113.639999</td>\n",
       "    </tr>\n",
       "    <tr>\n",
       "      <th>2</th>\n",
       "      <td>1/5/2023</td>\n",
       "      <td>125.019997</td>\n",
       "      <td>222.309998</td>\n",
       "      <td>86.199997</td>\n",
       "      <td>83.120003</td>\n",
       "      <td>110.339996</td>\n",
       "    </tr>\n",
       "    <tr>\n",
       "      <th>3</th>\n",
       "      <td>1/6/2023</td>\n",
       "      <td>129.619995</td>\n",
       "      <td>224.929993</td>\n",
       "      <td>87.339996</td>\n",
       "      <td>86.080002</td>\n",
       "      <td>113.059998</td>\n",
       "    </tr>\n",
       "    <tr>\n",
       "      <th>4</th>\n",
       "      <td>1/9/2023</td>\n",
       "      <td>130.149994</td>\n",
       "      <td>227.119995</td>\n",
       "      <td>88.019997</td>\n",
       "      <td>87.360001</td>\n",
       "      <td>119.769997</td>\n",
       "    </tr>\n",
       "  </tbody>\n",
       "</table>\n",
       "</div>"
      ],
      "text/plain": [
       "       Date        AAPL        MSFT      GOOGL       AMZN        TSLA\n",
       "0  1/3/2023         NaN  239.580002  89.120003  85.820000  108.099998\n",
       "1  1/4/2023  126.360001         NaN        NaN  85.139999  113.639999\n",
       "2  1/5/2023  125.019997  222.309998  86.199997  83.120003  110.339996\n",
       "3  1/6/2023  129.619995  224.929993  87.339996  86.080002  113.059998\n",
       "4  1/9/2023  130.149994  227.119995  88.019997  87.360001  119.769997"
      ]
     },
     "execution_count": 2,
     "metadata": {},
     "output_type": "execute_result"
    }
   ],
   "source": [
    "stocks = pd.read_csv(\"./stocks3.csv\")\n",
    "stocks.head()"
   ]
  },
  {
   "cell_type": "code",
   "execution_count": 3,
   "metadata": {},
   "outputs": [
    {
     "data": {
      "text/html": [
       "<div>\n",
       "<style scoped>\n",
       "    .dataframe tbody tr th:only-of-type {\n",
       "        vertical-align: middle;\n",
       "    }\n",
       "\n",
       "    .dataframe tbody tr th {\n",
       "        vertical-align: top;\n",
       "    }\n",
       "\n",
       "    .dataframe thead th {\n",
       "        text-align: right;\n",
       "    }\n",
       "</style>\n",
       "<table border=\"1\" class=\"dataframe\">\n",
       "  <thead>\n",
       "    <tr style=\"text-align: right;\">\n",
       "      <th></th>\n",
       "      <th>AAPL</th>\n",
       "      <th>MSFT</th>\n",
       "      <th>GOOGL</th>\n",
       "      <th>AMZN</th>\n",
       "      <th>TSLA</th>\n",
       "    </tr>\n",
       "  </thead>\n",
       "  <tbody>\n",
       "    <tr>\n",
       "      <th>count</th>\n",
       "      <td>168.000000</td>\n",
       "      <td>168.000000</td>\n",
       "      <td>168.000000</td>\n",
       "      <td>169.000000</td>\n",
       "      <td>169.000000</td>\n",
       "    </tr>\n",
       "    <tr>\n",
       "      <th>mean</th>\n",
       "      <td>167.948214</td>\n",
       "      <td>297.445000</td>\n",
       "      <td>111.501012</td>\n",
       "      <td>112.877278</td>\n",
       "      <td>205.751775</td>\n",
       "    </tr>\n",
       "    <tr>\n",
       "      <th>std</th>\n",
       "      <td>18.020152</td>\n",
       "      <td>36.458339</td>\n",
       "      <td>14.303862</td>\n",
       "      <td>16.242632</td>\n",
       "      <td>44.877794</td>\n",
       "    </tr>\n",
       "    <tr>\n",
       "      <th>min</th>\n",
       "      <td>125.019997</td>\n",
       "      <td>222.309998</td>\n",
       "      <td>86.199997</td>\n",
       "      <td>83.120003</td>\n",
       "      <td>108.099998</td>\n",
       "    </tr>\n",
       "    <tr>\n",
       "      <th>25%</th>\n",
       "      <td>153.147499</td>\n",
       "      <td>264.355003</td>\n",
       "      <td>99.370003</td>\n",
       "      <td>98.699997</td>\n",
       "      <td>176.889999</td>\n",
       "    </tr>\n",
       "    <tr>\n",
       "      <th>50%</th>\n",
       "      <td>170.619995</td>\n",
       "      <td>307.130005</td>\n",
       "      <td>107.754997</td>\n",
       "      <td>106.620003</td>\n",
       "      <td>196.880005</td>\n",
       "    </tr>\n",
       "    <tr>\n",
       "      <th>75%</th>\n",
       "      <td>182.320004</td>\n",
       "      <td>328.790008</td>\n",
       "      <td>123.669998</td>\n",
       "      <td>128.910004</td>\n",
       "      <td>249.830002</td>\n",
       "    </tr>\n",
       "    <tr>\n",
       "      <th>max</th>\n",
       "      <td>196.449997</td>\n",
       "      <td>359.489990</td>\n",
       "      <td>136.169998</td>\n",
       "      <td>142.220001</td>\n",
       "      <td>293.339996</td>\n",
       "    </tr>\n",
       "  </tbody>\n",
       "</table>\n",
       "</div>"
      ],
      "text/plain": [
       "             AAPL        MSFT       GOOGL        AMZN        TSLA\n",
       "count  168.000000  168.000000  168.000000  169.000000  169.000000\n",
       "mean   167.948214  297.445000  111.501012  112.877278  205.751775\n",
       "std     18.020152   36.458339   14.303862   16.242632   44.877794\n",
       "min    125.019997  222.309998   86.199997   83.120003  108.099998\n",
       "25%    153.147499  264.355003   99.370003   98.699997  176.889999\n",
       "50%    170.619995  307.130005  107.754997  106.620003  196.880005\n",
       "75%    182.320004  328.790008  123.669998  128.910004  249.830002\n",
       "max    196.449997  359.489990  136.169998  142.220001  293.339996"
      ]
     },
     "execution_count": 3,
     "metadata": {},
     "output_type": "execute_result"
    }
   ],
   "source": [
    "stocks.describe()"
   ]
  },
  {
   "cell_type": "code",
   "execution_count": 4,
   "metadata": {},
   "outputs": [
    {
     "name": "stdout",
     "output_type": "stream",
     "text": [
      "<class 'pandas.core.frame.DataFrame'>\n",
      "RangeIndex: 169 entries, 0 to 168\n",
      "Data columns (total 6 columns):\n",
      " #   Column  Non-Null Count  Dtype  \n",
      "---  ------  --------------  -----  \n",
      " 0   Date    169 non-null    object \n",
      " 1   AAPL    168 non-null    float64\n",
      " 2   MSFT    168 non-null    float64\n",
      " 3   GOOGL   168 non-null    float64\n",
      " 4   AMZN    169 non-null    float64\n",
      " 5   TSLA    169 non-null    float64\n",
      "dtypes: float64(5), object(1)\n",
      "memory usage: 8.1+ KB\n"
     ]
    }
   ],
   "source": [
    "stocks.info()"
   ]
  },
  {
   "cell_type": "code",
   "execution_count": 5,
   "metadata": {},
   "outputs": [
    {
     "data": {
      "text/plain": [
       "(169, 6)"
      ]
     },
     "execution_count": 5,
     "metadata": {},
     "output_type": "execute_result"
    }
   ],
   "source": [
    "stocks.shape"
   ]
  },
  {
   "cell_type": "code",
   "execution_count": 6,
   "metadata": {},
   "outputs": [
    {
     "data": {
      "text/plain": [
       "0    256.899994\n",
       "1    258.079987\n",
       "Name: TSLA, dtype: float64"
      ]
     },
     "execution_count": 6,
     "metadata": {},
     "output_type": "execute_result"
    }
   ],
   "source": [
    "stocks[\"TSLA\"].mode()"
   ]
  },
  {
   "cell_type": "code",
   "execution_count": 7,
   "metadata": {},
   "outputs": [
    {
     "data": {
      "text/plain": [
       "Date     0\n",
       "AAPL     1\n",
       "MSFT     1\n",
       "GOOGL    1\n",
       "AMZN     0\n",
       "TSLA     0\n",
       "dtype: int64"
      ]
     },
     "execution_count": 7,
     "metadata": {},
     "output_type": "execute_result"
    }
   ],
   "source": [
    "stocks.isnull().sum()"
   ]
  },
  {
   "cell_type": "code",
   "execution_count": 8,
   "metadata": {},
   "outputs": [
    {
     "name": "stdout",
     "output_type": "stream",
     "text": [
      "stocks_NonDuplicate\n",
      "<class 'pandas.core.frame.DataFrame'>\n",
      "Index: 167 entries, 0 to 166\n",
      "Data columns (total 6 columns):\n",
      " #   Column  Non-Null Count  Dtype  \n",
      "---  ------  --------------  -----  \n",
      " 0   Date    167 non-null    object \n",
      " 1   AAPL    166 non-null    float64\n",
      " 2   MSFT    166 non-null    float64\n",
      " 3   GOOGL   166 non-null    float64\n",
      " 4   AMZN    167 non-null    float64\n",
      " 5   TSLA    167 non-null    float64\n",
      "dtypes: float64(5), object(1)\n",
      "memory usage: 9.1+ KB\n",
      "             AAPL        MSFT       GOOGL        AMZN        TSLA\n",
      "count  166.000000  166.000000  166.000000  167.000000  167.000000\n",
      "mean   167.709518  297.073554  111.205542  112.593893  205.132155\n",
      "std     17.995745   36.519296   14.131609   16.129128   44.784374\n",
      "min    125.019997  222.309998   86.199997   83.120003  108.099998\n",
      "25%    153.042503  263.864998   99.370003   98.469997  175.684998\n",
      "50%    169.634995  306.279999  107.689999  106.209999  196.809998\n",
      "75%    181.079998  328.742508  123.612499  128.790001  247.519997\n",
      "max    196.449997  359.489990  136.169998  142.220001  293.339996\n",
      "\n",
      "stocks:\n",
      "<class 'pandas.core.frame.DataFrame'>\n",
      "Index: 167 entries, 0 to 166\n",
      "Data columns (total 6 columns):\n",
      " #   Column  Non-Null Count  Dtype  \n",
      "---  ------  --------------  -----  \n",
      " 0   Date    167 non-null    object \n",
      " 1   AAPL    166 non-null    float64\n",
      " 2   MSFT    166 non-null    float64\n",
      " 3   GOOGL   166 non-null    float64\n",
      " 4   AMZN    167 non-null    float64\n",
      " 5   TSLA    167 non-null    float64\n",
      "dtypes: float64(5), object(1)\n",
      "memory usage: 9.1+ KB\n",
      "             AAPL        MSFT       GOOGL        AMZN        TSLA\n",
      "count  166.000000  166.000000  166.000000  167.000000  167.000000\n",
      "mean   167.709518  297.073554  111.205542  112.593893  205.132155\n",
      "std     17.995745   36.519296   14.131609   16.129128   44.784374\n",
      "min    125.019997  222.309998   86.199997   83.120003  108.099998\n",
      "25%    153.042503  263.864998   99.370003   98.469997  175.684998\n",
      "50%    169.634995  306.279999  107.689999  106.209999  196.809998\n",
      "75%    181.079998  328.742508  123.612499  128.790001  247.519997\n",
      "max    196.449997  359.489990  136.169998  142.220001  293.339996\n"
     ]
    }
   ],
   "source": [
    "print(\"stocks_NonDuplicate\")\n",
    "stocks_nonDuplicate = stocks.drop_duplicates(subset=[\"Date\"])\n",
    "stocks_nonDuplicate.info()\n",
    "print(stocks_nonDuplicate.describe())\n",
    "\n",
    "print(\"\\nstocks:\")\n",
    "stocks.drop_duplicates(inplace= True)\n",
    "stocks.info()\n",
    "print(stocks.describe())\n"
   ]
  },
  {
   "cell_type": "code",
   "execution_count": 9,
   "metadata": {},
   "outputs": [
    {
     "name": "stdout",
     "output_type": "stream",
     "text": [
      "stocks_NonDuplicate\n",
      "<class 'pandas.core.frame.DataFrame'>\n",
      "Index: 167 entries, 0 to 166\n",
      "Data columns (total 6 columns):\n",
      " #   Column  Non-Null Count  Dtype  \n",
      "---  ------  --------------  -----  \n",
      " 0   Date    167 non-null    object \n",
      " 1   AAPL    167 non-null    float64\n",
      " 2   MSFT    167 non-null    float64\n",
      " 3   GOOGL   167 non-null    float64\n",
      " 4   AMZN    167 non-null    float64\n",
      " 5   TSLA    167 non-null    float64\n",
      "dtypes: float64(5), object(1)\n",
      "memory usage: 9.1+ KB\n",
      "             AAPL        MSFT       GOOGL        AMZN        TSLA\n",
      "count  167.000000  167.000000  167.000000  167.000000  167.000000\n",
      "mean   167.709518  297.073554  111.205542  112.593893  205.132155\n",
      "std     17.941459   36.409132   14.088980   16.129128   44.784374\n",
      "min    125.019997  222.309998   86.199997   83.120003  108.099998\n",
      "25%    153.095001  264.110001   99.370003   98.469997  175.684998\n",
      "50%    169.589996  305.559998  107.739998  106.209999  196.809998\n",
      "75%    181.040001  328.695007  123.584999  128.790001  247.519997\n",
      "max    196.449997  359.489990  136.169998  142.220001  293.339996\n",
      "\n",
      "stocks:\n",
      "<class 'pandas.core.frame.DataFrame'>\n",
      "Index: 165 entries, 2 to 166\n",
      "Data columns (total 6 columns):\n",
      " #   Column  Non-Null Count  Dtype  \n",
      "---  ------  --------------  -----  \n",
      " 0   Date    165 non-null    object \n",
      " 1   AAPL    165 non-null    float64\n",
      " 2   MSFT    165 non-null    float64\n",
      " 3   GOOGL   165 non-null    float64\n",
      " 4   AMZN    165 non-null    float64\n",
      " 5   TSLA    165 non-null    float64\n",
      "dtypes: float64(5), object(1)\n",
      "memory usage: 9.0+ KB\n",
      "             AAPL        MSFT       GOOGL        AMZN        TSLA\n",
      "count  165.000000  165.000000  165.000000  165.000000  165.000000\n",
      "mean   167.960121  297.422000  111.339394  112.922546  206.274727\n",
      "std     17.757613   36.352625   14.068683   15.945088   43.821618\n",
      "min    125.019997  222.309998   86.199997   83.120003  110.339996\n",
      "25%    153.199997  264.600006   99.370003   98.709999  177.899994\n",
      "50%    169.679993  307.000000  107.739998  106.620003  196.880005\n",
      "75%    181.119995  328.790008  123.639999  128.800003  249.699997\n",
      "max    196.449997  359.489990  136.169998  142.220001  293.339996\n"
     ]
    }
   ],
   "source": [
    "print(\"stocks_NonDuplicate\")\n",
    "stocks_nonDuplicate.fillna(stocks_nonDuplicate.drop(columns=[\"Date\"]).mean(), inplace=True)\n",
    "stocks_nonDuplicate.info()\n",
    "print(stocks_nonDuplicate.describe())\n",
    "\n",
    "print(\"\\nstocks:\")\n",
    "stocks.dropna(inplace= True)\n",
    "stocks.info()\n",
    "print(stocks.describe())"
   ]
  },
  {
   "cell_type": "code",
   "execution_count": 10,
   "metadata": {},
   "outputs": [
    {
     "name": "stdout",
     "output_type": "stream",
     "text": [
      "stocks_NonDuplicate\n",
      "             AAPL        MSFT       GOOGL        AMZN        TSLA\n",
      "count  167.000000  167.000000  167.000000  167.000000  167.000000\n",
      "mean   167.709518  297.073554  111.205542  112.593893  205.132155\n",
      "std     17.941459   36.409132   14.088980   16.129128   44.784374\n",
      "min    125.019997  222.309998   86.199997   83.120003  108.099998\n",
      "25%    153.095001  264.110001   99.370003   98.469997  175.684998\n",
      "50%    169.589996  305.559998  107.739998  106.209999  196.809998\n",
      "75%    181.040001  328.695007  123.584999  128.790001  247.519997\n",
      "max    196.449997  359.489990  136.169998  142.220001  293.339996\n",
      "\n",
      "stocks:\n"
     ]
    },
    {
     "data": {
      "text/html": [
       "<div>\n",
       "<style scoped>\n",
       "    .dataframe tbody tr th:only-of-type {\n",
       "        vertical-align: middle;\n",
       "    }\n",
       "\n",
       "    .dataframe tbody tr th {\n",
       "        vertical-align: top;\n",
       "    }\n",
       "\n",
       "    .dataframe thead th {\n",
       "        text-align: right;\n",
       "    }\n",
       "</style>\n",
       "<table border=\"1\" class=\"dataframe\">\n",
       "  <thead>\n",
       "    <tr style=\"text-align: right;\">\n",
       "      <th></th>\n",
       "      <th>AAPL</th>\n",
       "      <th>MSFT</th>\n",
       "      <th>GOOGL</th>\n",
       "      <th>AMZN</th>\n",
       "      <th>TSLA</th>\n",
       "    </tr>\n",
       "  </thead>\n",
       "  <tbody>\n",
       "    <tr>\n",
       "      <th>count</th>\n",
       "      <td>165.000000</td>\n",
       "      <td>165.000000</td>\n",
       "      <td>165.000000</td>\n",
       "      <td>165.000000</td>\n",
       "      <td>165.000000</td>\n",
       "    </tr>\n",
       "    <tr>\n",
       "      <th>mean</th>\n",
       "      <td>167.960121</td>\n",
       "      <td>297.422000</td>\n",
       "      <td>111.339394</td>\n",
       "      <td>112.922546</td>\n",
       "      <td>206.274727</td>\n",
       "    </tr>\n",
       "    <tr>\n",
       "      <th>std</th>\n",
       "      <td>17.757613</td>\n",
       "      <td>36.352625</td>\n",
       "      <td>14.068683</td>\n",
       "      <td>15.945088</td>\n",
       "      <td>43.821618</td>\n",
       "    </tr>\n",
       "    <tr>\n",
       "      <th>min</th>\n",
       "      <td>125.019997</td>\n",
       "      <td>222.309998</td>\n",
       "      <td>86.199997</td>\n",
       "      <td>83.120003</td>\n",
       "      <td>110.339996</td>\n",
       "    </tr>\n",
       "    <tr>\n",
       "      <th>25%</th>\n",
       "      <td>153.199997</td>\n",
       "      <td>264.600006</td>\n",
       "      <td>99.370003</td>\n",
       "      <td>98.709999</td>\n",
       "      <td>177.899994</td>\n",
       "    </tr>\n",
       "    <tr>\n",
       "      <th>50%</th>\n",
       "      <td>169.679993</td>\n",
       "      <td>307.000000</td>\n",
       "      <td>107.739998</td>\n",
       "      <td>106.620003</td>\n",
       "      <td>196.880005</td>\n",
       "    </tr>\n",
       "    <tr>\n",
       "      <th>75%</th>\n",
       "      <td>181.119995</td>\n",
       "      <td>328.790008</td>\n",
       "      <td>123.639999</td>\n",
       "      <td>128.800003</td>\n",
       "      <td>249.699997</td>\n",
       "    </tr>\n",
       "    <tr>\n",
       "      <th>max</th>\n",
       "      <td>196.449997</td>\n",
       "      <td>359.489990</td>\n",
       "      <td>136.169998</td>\n",
       "      <td>142.220001</td>\n",
       "      <td>293.339996</td>\n",
       "    </tr>\n",
       "  </tbody>\n",
       "</table>\n",
       "</div>"
      ],
      "text/plain": [
       "             AAPL        MSFT       GOOGL        AMZN        TSLA\n",
       "count  165.000000  165.000000  165.000000  165.000000  165.000000\n",
       "mean   167.960121  297.422000  111.339394  112.922546  206.274727\n",
       "std     17.757613   36.352625   14.068683   15.945088   43.821618\n",
       "min    125.019997  222.309998   86.199997   83.120003  110.339996\n",
       "25%    153.199997  264.600006   99.370003   98.709999  177.899994\n",
       "50%    169.679993  307.000000  107.739998  106.620003  196.880005\n",
       "75%    181.119995  328.790008  123.639999  128.800003  249.699997\n",
       "max    196.449997  359.489990  136.169998  142.220001  293.339996"
      ]
     },
     "execution_count": 10,
     "metadata": {},
     "output_type": "execute_result"
    }
   ],
   "source": [
    "print(\"stocks_NonDuplicate\")\n",
    "print(stocks_nonDuplicate.describe())\n",
    "\n",
    "print(\"\\nstocks:\")\n",
    "stocks.describe()\n"
   ]
  },
  {
   "cell_type": "code",
   "execution_count": 11,
   "metadata": {},
   "outputs": [
    {
     "name": "stdout",
     "output_type": "stream",
     "text": [
      "Mode description of stocks_nonDuplicate: \n",
      "\n",
      "AAPL  mode: \n",
      "0    163.759995\n",
      "1    172.070007\n",
      "Name: AAPL, dtype: float64 \n",
      "\n",
      "AAPL\n",
      "163.759995    2\n",
      "172.070007    2\n",
      "167.709518    1\n",
      "185.009995    1\n",
      "180.570007    1\n",
      "             ..\n",
      "158.929993    1\n",
      "160.250000    1\n",
      "158.279999    1\n",
      "157.649994    1\n",
      "187.869995    1\n",
      "Name: count, Length: 165, dtype: int64\n",
      "MSFT  mode: \n",
      "0    305.410004\n",
      "Name: MSFT, dtype: float64 \n",
      "\n",
      "MSFT\n",
      "305.410004    2\n",
      "335.940002    1\n",
      "323.380005    1\n",
      "325.260010    1\n",
      "326.790008    1\n",
      "             ..\n",
      "280.570007    1\n",
      "276.380005    1\n",
      "275.230011    1\n",
      "280.510010    1\n",
      "327.760010    1\n",
      "Name: count, Length: 166, dtype: int64\n",
      "GOOGL  mode: \n",
      "0     96.940002\n",
      "1     99.370003\n",
      "2    105.410004\n",
      "3    105.970001\n",
      "4    123.669998\n",
      "5    129.779999\n",
      "Name: GOOGL, dtype: float64 \n",
      "\n",
      "GOOGL\n",
      "129.779999    2\n",
      "123.669998    2\n",
      "96.940002     2\n",
      "99.370003     2\n",
      "105.410004    2\n",
      "             ..\n",
      "102.459999    1\n",
      "101.029999    1\n",
      "101.389999    1\n",
      "100.889999    1\n",
      "136.169998    1\n",
      "Name: count, Length: 161, dtype: int64\n",
      "AMZN  mode: \n",
      "0    124.250000\n",
      "1    134.679993\n",
      "2    135.070007\n",
      "Name: AMZN, dtype: float64 \n",
      "\n",
      "AMZN\n",
      "135.070007    2\n",
      "134.679993    2\n",
      "124.250000    2\n",
      "129.179993    1\n",
      "127.330002    1\n",
      "             ..\n",
      "98.709999     1\n",
      "98.129997     1\n",
      "98.040001     1\n",
      "97.239998     1\n",
      "138.009995    1\n",
      "Name: count, Length: 164, dtype: int64\n",
      "TSLA  mode: \n",
      "0      108.099998\n",
      "1      110.339996\n",
      "2      113.059998\n",
      "3      113.639999\n",
      "4      118.849998\n",
      "          ...    \n",
      "162    281.380005\n",
      "163    282.480011\n",
      "164    290.380005\n",
      "165    291.260010\n",
      "166    293.339996\n",
      "Name: TSLA, Length: 167, dtype: float64 \n",
      "\n",
      "TSLA\n",
      "108.099998    1\n",
      "217.610001    1\n",
      "224.570007    1\n",
      "234.860001    1\n",
      "244.399994    1\n",
      "             ..\n",
      "191.809998    1\n",
      "189.190002    1\n",
      "193.880005    1\n",
      "195.279999    1\n",
      "258.079987    1\n",
      "Name: count, Length: 167, dtype: int64\n"
     ]
    }
   ],
   "source": [
    "columnNames_nonDup = stocks_nonDuplicate.columns\n",
    "\n",
    "print(\"Mode description of stocks_nonDuplicate: \\n\")\n",
    "for column in columnNames_nonDup:\n",
    "    if column != \"Date\":\n",
    "        print(column, \" mode: \")\n",
    "        print(stocks_nonDuplicate[column].mode(), \"\\n\")\n",
    "        print(stocks_nonDuplicate[column].value_counts())"
   ]
  },
  {
   "cell_type": "code",
   "execution_count": 12,
   "metadata": {},
   "outputs": [
    {
     "name": "stdout",
     "output_type": "stream",
     "text": [
      "Mode description of stocks: \n",
      "\n",
      "AAPL  mode: \n",
      "0    163.759995\n",
      "1    172.070007\n",
      "Name: AAPL, dtype: float64 \n",
      "\n",
      "AAPL\n",
      "163.759995    2\n",
      "172.070007    2\n",
      "183.960007    1\n",
      "180.570007    1\n",
      "180.960007    1\n",
      "             ..\n",
      "158.279999    1\n",
      "157.649994    1\n",
      "160.770004    1\n",
      "162.360001    1\n",
      "187.869995    1\n",
      "Name: count, Length: 163, dtype: int64\n",
      "MSFT  mode: \n",
      "0    305.410004\n",
      "Name: MSFT, dtype: float64 \n",
      "\n",
      "MSFT\n",
      "305.410004    2\n",
      "222.309998    1\n",
      "333.559998    1\n",
      "325.260010    1\n",
      "326.790008    1\n",
      "             ..\n",
      "276.380005    1\n",
      "275.230011    1\n",
      "280.510010    1\n",
      "284.049988    1\n",
      "327.760010    1\n",
      "Name: count, Length: 164, dtype: int64\n",
      "GOOGL  mode: \n",
      "0     96.940002\n",
      "1     99.370003\n",
      "2    105.410004\n",
      "3    105.970001\n",
      "4    123.669998\n",
      "5    129.779999\n",
      "Name: GOOGL, dtype: float64 \n",
      "\n",
      "GOOGL\n",
      "129.779999    2\n",
      "123.669998    2\n",
      "105.970001    2\n",
      "96.940002     2\n",
      "99.370003     2\n",
      "             ..\n",
      "101.029999    1\n",
      "101.389999    1\n",
      "100.889999    1\n",
      "103.730003    1\n",
      "136.169998    1\n",
      "Name: count, Length: 159, dtype: int64\n",
      "AMZN  mode: \n",
      "0    124.250000\n",
      "1    134.679993\n",
      "2    135.070007\n",
      "Name: AMZN, dtype: float64 \n",
      "\n",
      "AMZN\n",
      "135.070007    2\n",
      "134.679993    2\n",
      "124.250000    2\n",
      "129.179993    1\n",
      "127.330002    1\n",
      "             ..\n",
      "98.040001     1\n",
      "97.239998     1\n",
      "100.250000    1\n",
      "102.000000    1\n",
      "138.009995    1\n",
      "Name: count, Length: 162, dtype: int64\n",
      "TSLA  mode: \n",
      "0      110.339996\n",
      "1      113.059998\n",
      "2      118.849998\n",
      "3      119.769997\n",
      "4      122.400002\n",
      "          ...    \n",
      "160    281.380005\n",
      "161    282.480011\n",
      "162    290.380005\n",
      "163    291.260010\n",
      "164    293.339996\n",
      "Name: TSLA, Length: 165, dtype: float64 \n",
      "\n",
      "TSLA\n",
      "110.339996    1\n",
      "221.309998    1\n",
      "234.860001    1\n",
      "244.399994    1\n",
      "249.830002    1\n",
      "             ..\n",
      "189.190002    1\n",
      "193.880005    1\n",
      "195.279999    1\n",
      "207.460007    1\n",
      "258.079987    1\n",
      "Name: count, Length: 165, dtype: int64\n"
     ]
    }
   ],
   "source": [
    "columnNames = stocks.columns\n",
    "\n",
    "print(\"Mode description of stocks: \\n\")\n",
    "for column in columnNames:\n",
    "    if column != \"Date\":\n",
    "        print(column, \" mode: \")\n",
    "        print(stocks[column].mode(), \"\\n\")\n",
    "        print(stocks[column].value_counts())"
   ]
  },
  {
   "cell_type": "code",
   "execution_count": 13,
   "metadata": {},
   "outputs": [],
   "source": [
    "#Coefficient of variance:\n",
    "coefficientOfVariance = lambda x:  (np.std(x, ddof=0)/np.mean(x)) * 100\n",
    "\n"
   ]
  },
  {
   "cell_type": "code",
   "execution_count": 14,
   "metadata": {},
   "outputs": [
    {
     "name": "stdout",
     "output_type": "stream",
     "text": [
      "Coefficient of variation of stocks: \n",
      "\n",
      "AAPL     10.540431\n",
      "MSFT     12.185480\n",
      "GOOGL    12.597505\n",
      "AMZN     14.077522\n",
      "TSLA     21.179824\n",
      "dtype: float64\n"
     ]
    }
   ],
   "source": [
    "print(\"Coefficient of variation of stocks: \\n\")\n",
    "print(stocks.iloc[:, 1:].apply(coefficientOfVariance))"
   ]
  },
  {
   "cell_type": "code",
   "execution_count": 15,
   "metadata": {},
   "outputs": [
    {
     "name": "stdout",
     "output_type": "stream",
     "text": [
      "Covariance between columns of stocks_nonDuplicate:\n",
      "             AAPL         MSFT       GOOGL        AMZN         TSLA\n",
      "AAPL   321.895944   623.676415  219.884458  254.958242   671.414461\n",
      "MSFT   623.676415  1325.624894  469.699583  524.921797  1279.183423\n",
      "GOOGL  219.884458   469.699583  198.499345  214.471428   454.411966\n",
      "AMZN   254.958242   524.921797  214.471428  260.148786   597.962692\n",
      "TSLA   671.414461  1279.183423  454.411966  597.962692  2005.640142 \n",
      "\n",
      "Covariance between columns of stocks: \n"
     ]
    },
    {
     "data": {
      "text/html": [
       "<div>\n",
       "<style scoped>\n",
       "    .dataframe tbody tr th:only-of-type {\n",
       "        vertical-align: middle;\n",
       "    }\n",
       "\n",
       "    .dataframe tbody tr th {\n",
       "        vertical-align: top;\n",
       "    }\n",
       "\n",
       "    .dataframe thead th {\n",
       "        text-align: right;\n",
       "    }\n",
       "</style>\n",
       "<table border=\"1\" class=\"dataframe\">\n",
       "  <thead>\n",
       "    <tr style=\"text-align: right;\">\n",
       "      <th></th>\n",
       "      <th>AAPL</th>\n",
       "      <th>MSFT</th>\n",
       "      <th>GOOGL</th>\n",
       "      <th>AMZN</th>\n",
       "      <th>TSLA</th>\n",
       "    </tr>\n",
       "  </thead>\n",
       "  <tbody>\n",
       "    <tr>\n",
       "      <th>AAPL</th>\n",
       "      <td>315.332816</td>\n",
       "      <td>631.194371</td>\n",
       "      <td>222.532227</td>\n",
       "      <td>251.062642</td>\n",
       "      <td>656.246337</td>\n",
       "    </tr>\n",
       "    <tr>\n",
       "      <th>MSFT</th>\n",
       "      <td>631.194371</td>\n",
       "      <td>1321.513357</td>\n",
       "      <td>467.638165</td>\n",
       "      <td>521.821931</td>\n",
       "      <td>1260.366063</td>\n",
       "    </tr>\n",
       "    <tr>\n",
       "      <th>GOOGL</th>\n",
       "      <td>222.532227</td>\n",
       "      <td>467.638165</td>\n",
       "      <td>197.927830</td>\n",
       "      <td>213.437089</td>\n",
       "      <td>446.732589</td>\n",
       "    </tr>\n",
       "    <tr>\n",
       "      <th>AMZN</th>\n",
       "      <td>251.062642</td>\n",
       "      <td>521.821931</td>\n",
       "      <td>213.437089</td>\n",
       "      <td>254.245846</td>\n",
       "      <td>573.720143</td>\n",
       "    </tr>\n",
       "    <tr>\n",
       "      <th>TSLA</th>\n",
       "      <td>656.246337</td>\n",
       "      <td>1260.366063</td>\n",
       "      <td>446.732589</td>\n",
       "      <td>573.720143</td>\n",
       "      <td>1920.334189</td>\n",
       "    </tr>\n",
       "  </tbody>\n",
       "</table>\n",
       "</div>"
      ],
      "text/plain": [
       "             AAPL         MSFT       GOOGL        AMZN         TSLA\n",
       "AAPL   315.332816   631.194371  222.532227  251.062642   656.246337\n",
       "MSFT   631.194371  1321.513357  467.638165  521.821931  1260.366063\n",
       "GOOGL  222.532227   467.638165  197.927830  213.437089   446.732589\n",
       "AMZN   251.062642   521.821931  213.437089  254.245846   573.720143\n",
       "TSLA   656.246337  1260.366063  446.732589  573.720143  1920.334189"
      ]
     },
     "execution_count": 15,
     "metadata": {},
     "output_type": "execute_result"
    }
   ],
   "source": [
    "#cov\n",
    "#corr\n",
    "print(\"Covariance between columns of stocks_nonDuplicate:\")\n",
    "print(stocks_nonDuplicate.iloc[:, 1:].cov(), \"\\n\")\n",
    "\n",
    "print(\"Covariance between columns of stocks: \")\n",
    "stocks.iloc[:, 1:].cov()"
   ]
  },
  {
   "cell_type": "code",
   "execution_count": 16,
   "metadata": {},
   "outputs": [
    {
     "name": "stdout",
     "output_type": "stream",
     "text": [
      "Correlation between columns of stocks_nonDuplicate:\n",
      "           AAPL      MSFT     GOOGL      AMZN      TSLA\n",
      "AAPL   1.000000  0.954753  0.869876  0.881050  0.835615\n",
      "MSFT   0.954753  1.000000  0.915652  0.893868  0.784505\n",
      "GOOGL  0.869876  0.915652  1.000000  0.943798  0.720184\n",
      "AMZN   0.881050  0.893868  0.943798  1.000000  0.827821\n",
      "TSLA   0.835615  0.784505  0.720184  0.827821  1.000000 \n",
      "\n",
      "Correlation between columns of stocks: \n"
     ]
    },
    {
     "data": {
      "text/html": [
       "<div>\n",
       "<style scoped>\n",
       "    .dataframe tbody tr th:only-of-type {\n",
       "        vertical-align: middle;\n",
       "    }\n",
       "\n",
       "    .dataframe tbody tr th {\n",
       "        vertical-align: top;\n",
       "    }\n",
       "\n",
       "    .dataframe thead th {\n",
       "        text-align: right;\n",
       "    }\n",
       "</style>\n",
       "<table border=\"1\" class=\"dataframe\">\n",
       "  <thead>\n",
       "    <tr style=\"text-align: right;\">\n",
       "      <th></th>\n",
       "      <th>AAPL</th>\n",
       "      <th>MSFT</th>\n",
       "      <th>GOOGL</th>\n",
       "      <th>AMZN</th>\n",
       "      <th>TSLA</th>\n",
       "    </tr>\n",
       "  </thead>\n",
       "  <tbody>\n",
       "    <tr>\n",
       "      <th>AAPL</th>\n",
       "      <td>1.000000</td>\n",
       "      <td>0.977784</td>\n",
       "      <td>0.890748</td>\n",
       "      <td>0.886687</td>\n",
       "      <td>0.843323</td>\n",
       "    </tr>\n",
       "    <tr>\n",
       "      <th>MSFT</th>\n",
       "      <td>0.977784</td>\n",
       "      <td>1.000000</td>\n",
       "      <td>0.914367</td>\n",
       "      <td>0.900243</td>\n",
       "      <td>0.791175</td>\n",
       "    </tr>\n",
       "    <tr>\n",
       "      <th>GOOGL</th>\n",
       "      <td>0.890748</td>\n",
       "      <td>0.914367</td>\n",
       "      <td>1.000000</td>\n",
       "      <td>0.951458</td>\n",
       "      <td>0.724612</td>\n",
       "    </tr>\n",
       "    <tr>\n",
       "      <th>AMZN</th>\n",
       "      <td>0.886687</td>\n",
       "      <td>0.900243</td>\n",
       "      <td>0.951458</td>\n",
       "      <td>1.000000</td>\n",
       "      <td>0.821079</td>\n",
       "    </tr>\n",
       "    <tr>\n",
       "      <th>TSLA</th>\n",
       "      <td>0.843323</td>\n",
       "      <td>0.791175</td>\n",
       "      <td>0.724612</td>\n",
       "      <td>0.821079</td>\n",
       "      <td>1.000000</td>\n",
       "    </tr>\n",
       "  </tbody>\n",
       "</table>\n",
       "</div>"
      ],
      "text/plain": [
       "           AAPL      MSFT     GOOGL      AMZN      TSLA\n",
       "AAPL   1.000000  0.977784  0.890748  0.886687  0.843323\n",
       "MSFT   0.977784  1.000000  0.914367  0.900243  0.791175\n",
       "GOOGL  0.890748  0.914367  1.000000  0.951458  0.724612\n",
       "AMZN   0.886687  0.900243  0.951458  1.000000  0.821079\n",
       "TSLA   0.843323  0.791175  0.724612  0.821079  1.000000"
      ]
     },
     "execution_count": 16,
     "metadata": {},
     "output_type": "execute_result"
    }
   ],
   "source": [
    "#corr\n",
    "print(\"Correlation between columns of stocks_nonDuplicate:\")\n",
    "print(stocks_nonDuplicate.iloc[:, 1:].corr(method=\"pearson\"), \"\\n\")\n",
    "\n",
    "print(\"Correlation between columns of stocks: \")\n",
    "stocks.iloc[:, 1:].corr(\"pearson\")"
   ]
  },
  {
   "cell_type": "code",
   "execution_count": 34,
   "metadata": {},
   "outputs": [
    {
     "data": {
      "text/plain": [
       "<seaborn.axisgrid.PairGrid at 0x7d87b3137c20>"
      ]
     },
     "execution_count": 34,
     "metadata": {},
     "output_type": "execute_result"
    },
    {
     "data": {
